
strategic_region={
	id=10
	name="STRATEGICREGION_10"
	provinces={
		260 390 442 467 631 640 904 1241 1247 1444 1478 1763 1874 2007 2030 2123 2156 2190 2227 2242 2268 2272 2367 2417 2600 2634 2635 2645 2687 2734 2808 2893 2916 2987 3133 3281 3320 3331 3343 3383 3407 3443 3445 3450 3457 3477 3570 3615 3628 3644 3647 3671 3678 4447 4455 4462 4474 4482 4487 4489 4491 4494 4498 4501 4503 4504 4505 4511 4512 4515 4516 4522 4523 4529 4530 4531 4535 4537 4543 4549 4556 4558 4564 4570 4571 4581 
	}
	weather={
	}
}
