
strategic_region={
	id=2
	name="STRATEGICREGION_2"
	provinces={
		21 30 34 35 53 54 61 64 68 75 78 88 91 101 102 124 126 145 163 169 183 211 213 214 250 257 291 294 295 298 304 308 317 324 345 358 377 400 412 434 460 464 472 473 481 496 506 515 550 557 578 613 629 634 635 641 647 655 671 676 678 682 685 686 710 711 712 719 728 758 771 782 792 799 812 816 876 893 919 938 940 941 946 973 980 982 988 994 999 1002 1015 1021 1052 1060 1065 1082 1090 1092 1098 1099 1103 1107 1115 1121 1125 1177 1181 1197 1202 1224 1232 1266 1270 1272 1277 1293 1342 1354 1370 1375 1390 1393 1414 1423 1450 1452 1463 1466 1481 1485 1494 1503 1512 1515 1522 1528 1531 1555 1574 1626 1676 1685 1696 1701 1712 1722 1725 1736 1739 1771 1777 1779 1797 1820 1830 1834 1835 1837 1847 1848 1849 1852 1869 1876 1881 1890 1891 1892 1902 1927 1935 1950 1957 1960 1964 1971 1973 1979 2000 2049 2077 2079 2084 2114 2134 2145 2161 2169 2199 2206 2223 2224 2230 2239 2251 2271 2277 2323 2328 2353 2371 2381 2382 2399 2407 2441 2443 2457 2460 2482 2484 2532 2535 2536 2557 2569 2575 2578 2581 2588 2611 2620 2621 2640 2651 2659 2677 2698 2699 2703 2738 2739 2749 2750 2751 2769 2776 2785 2812 2827 2830 2834 2842 2847 2857 2883 2897 2907 2910 2932 2933 2943 2951 2981 2984 3012 3020 3038 3040 3043 3063 3068 3101 3119 3125 3148 3160 3200 3201 3210 3222 3230 3235 3237 3242 3253 3260 3262 3280 3288 3293 3311 3312 3335 3344 3349 3370 3378 3399 3436 3439 3455 3461 3476 3497 3512 3535 3541 3550 3551 3556 3576 3584 3594 3595 3604 3618 3646 3649 3659 3664 3670 3677 3682 3684 4493 4506 4510 4514 4518 4525 4528 4536 4539 4542 4547 4548 4554 4557 4565 4575 4576 4579 4587 4597 4599 4601 4608 4613 4619 4630 4637 4638 4642 4647 4652 4654 4655 4657 4658 4662 4665 4669 4675 4679 4680 4684 4707 4708 4710 4712 4716 4729 4730 4738 4739 4740 4742 4743 4748 4750 4752 4762 4763 4764 4777 4778 4782 4785 4786 4787 4790 4791 4795 4798 4800 4801 4804 4805 4806 4807 4810 4813 4814 4815 4816 4821 4824 4825 4826 4829 4831 4832 4834 4835 4836 4837 4839 4842 4843 4844 4847 4848 4849 4850 4851 4852 4853 4854 4855 4856 4857 4858 4859 4860 4861 4862 4865 4866 4867 4869 4870 4871 4873 4875 4876 4878 4879 4881 4882 4884 4886 4887 4889 4890 4894 4901 4908 5164 5165 5177 7303 8582 10241 10695 11074 13316 13319 13320 13321 13322 13323 13324 13325 13326 13327 13328 13329 13330 13331 
	}
	weather={
	}
}
