
strategic_region={
	id=26
	name="STRATEGICREGION_26"
	provinces={
		107 153 520 661 774 957 1178 1186 1245 1339 1343 1367 1426 1489 1524 1609 1692 1699 1726 1772 1775 1781 1787 1807 1896 1955 2074 2141 2270 2296 2350 2351 2404 2440 2445 2478 2551 2597 2614 2696 2764 2789 2816 2817 2835 2849 2898 2918 2925 2977 3000 3048 3065 3116 3155 3178 3267 3284 3297 3313 3319 3368 3415 3425 3466 3478 3493 3503 3513 3526 3546 3591 3596 3612 3654 3656 4066 4073 4074 4076 4079 4081 4083 4084 4090 4091 4092 4093 4094 4095 4098 4099 4100 4102 4103 4104 4108 4109 4112 4113 4114 4115 4116 4118 4119 4120 4121 4122 4123 4124 4128 4129 4130 4131 4135 4137 4139 4141 4142 4143 4145 4146 4149 4152 4153 4155 4156 4165 4167 4173 4187 
	}
	weather={
	}
}
