
strategic_region={
	id=3
	name="STRATEGICREGION_3"
	provinces={
		1 4 26 40 48 62 103 110 137 148 154 158 172 173 175 181 186 197 205 208 209 216 217 218 247 253 255 267 271 278 288 296 313 325 328 330 334 336 342 351 353 363 367 371 372 382 383 388 389 397 401 403 404 415 422 432 435 443 444 446 451 459 461 470 475 482 489 507 524 526 535 536 548 559 561 564 565 566 574 583 587 588 599 624 627 636 644 648 649 652 665 683 690 694 702 713 718 726 734 738 742 745 751 753 755 768 772 776 781 785 802 809 821 822 826 827 835 848 861 868 869 873 880 890 896 900 906 907 909 915 928 939 945 958 968 977 981 984 989 990 1003 1008 1014 1018 1020 1030 1037 1043 1051 1063 1070 1071 1078 1096 1109 1130 1142 1152 1166 1171 1175 1199 1203 1211 1213 1218 1222 1231 1238 1240 1259 1261 1280 1283 1287 1288 1292 1295 1300 1308 1311 1313 1319 1326 1335 1355 1358 1373 1389 1400 1402 1406 1424 1429 1430 1433 1443 1447 1453 1458 1459 1470 1484 1490 1493 1509 1510 1520 1521 1532 1535 1537 1538 1540 1567 1568 1569 1583 1587 1589 1591 1600 1605 1607 1613 1618 1620 1624 1628 1629 1639 1642 1645 1647 1653 1654 1662 1665 1667 1670 1673 1682 1683 1705 1715 1719 1723 1729 1734 1741 1749 1757 1760 1764 1768 1769 1788 1792 1793 1798 1799 1825 1838 1843 1853 1859 1860 1868 1878 1897 1901 1906 1922 1923 1926 1932 1933 1938 1939 1942 1947 1953 1954 1975 1977 1980 1991 2013 2036 2067 2069 2075 2081 2082 2085 2107 2112 2116 2117 2122 2126 2135 2138 2142 2148 2151 2171 2178 2183 2187 2194 2228 2245 2256 2260 2267 2274 2280 2282 2284 2292 2298 2301 2305 2306 2318 2331 2337 2340 2346 2361 2368 2373 2375 2393 2403 2415 2419 2420 2424 2431 2433 2435 2439 2450 2456 2472 2480 2500 2506 2510 2511 2519 2523 2531 2540 2545 2562 2564 2579 2586 2589 2603 2604 2609 2616 2619 2629 2637 2654 2666 2671 2672 2675 2678 2685 2689 2702 2706 2709 2712 2720 2747 2784 2795 2797 2798 2818 2819 2824 2831 2843 2851 2860 2872 2894 2902 2904 2923 2941 2953 2960 2963 2970 2986 2989 2996 3002 3019 3022 3023 3046 3047 3051 3052 3055 3057 3064 3066 3082 3085 3106 3108 3130 3151 3162 3166 3170 3173 3184 3190 3202 3219 3220 3227 3232 3254 3265 3270 3291 3298 3300 3306 3326 3330 3342 3346 3352 3362 3374 3384 3389 3396 3409 3414 3419 3420 3430 3433 3441 3451 3454 3458 3471 3472 3490 3495 3500 3501 3517 3521 3527 3529 3530 3560 3564 3571 3593 3610 3611 3617 3636 3641 3681 4827 4830 4838 4841 4863 4864 4868 4874 4877 4880 4883 4888 4891 4892 4893 4895 4896 4897 4899 4903 4904 4905 4906 4909 4910 4911 4916 4921 4925 4928 4929 4931 4932 4933 4937 4938 4939 4940 4941 4943 4944 4946 4947 4948 4949 4950 4951 4952 4953 4954 4955 4956 4957 4958 4959 4960 4961 4962 4963 4964 4965 4966 4967 4968 4969 4970 4971 4972 4973 4974 4975 4976 4977 4978 4979 4980 4981 4982 4983 4984 4985 4986 4987 4988 4989 4990 4991 4992 4993 4994 4995 4996 4997 4998 4999 5000 5001 5002 5003 5004 5005 5006 5007 5008 5009 5010 5011 5012 5013 5014 5015 5016 5017 5018 5019 5020 5021 5022 5023 5024 5025 5026 5027 5028 5029 5030 5031 5032 5033 5034 5035 5036 5037 5038 5039 5040 5041 5042 5043 5044 5045 5046 5047 5048 5049 5050 5189 5191 5192 5194 5195 5196 5197 5198 5314 5486 6608 6768 7843 9277 9856 10486 10979 11024 12735 12814 12837 12939 12964 12990 13012 13332 13333 13335 13336 13337 13338 13339 13340 13341 
	}
	weather={
	}
}
