
strategic_region={
	id=31
	name="STRATEGICREGION_31"
	provinces={
		18 32 38 39 45 127 141 160 196 200 202 204 227 229 258 268 281 283 300 375 387 416 420 426 455 474 503 529 538 570 572 577 589 591 603 614 626 638 673 681 695 732 756 760 777 787 796 808 817 825 831 836 838 849 857 860 908 911 949 993 998 1007 1066 1072 1087 1111 1119 1141 1156 1187 1194 1223 1239 1252 1275 1282 1336 1356 1357 1388 1405 1418 1419 1438 1439 1445 1448 1455 1483 1488 1496 1513 1517 1550 1554 1564 1579 1582 1601 1606 1616 1637 1651 1660 1666 1679 1703 1718 1735 1748 1767 1780 1817 1879 1889 1903 1909 1916 1918 1936 1959 1965 1972 1983 2011 2050 2052 2063 2102 2103 2121 2152 2155 2181 2185 2195 2214 2220 2234 2262 2273 2302 2312 2332 2339 2341 2345 2354 2355 2385 2418 2448 2465 2481 2489 2512 2516 2521 2605 2623 2641 2656 2674 2693 2711 2718 2727 2786 2791 2805 2838 2846 2881 2901 2975 3004 3017 3077 3079 3092 3122 3131 3233 3247 3263 3277 3282 3303 3315 3334 3382 3391 3394 3432 3437 3438 3453 3489 3491 3498 3533 3547 3565 3567 3583 3586 3602 3655 3673 3680 4087 4088 4106 4133 4148 4150 4178 4192 4245 4255 4260 4265 4273 4278 4288 4292 4294 4299 4303 4306 4307 4308 4311 4312 4327 4328 4337 4339 4344 4346 4347 4363 4369 4374 4378 4386 4394 4400 4402 4415 4423 4426 4432 4433 4435 4450 4452 4454 4457 4467 4468 4470 4471 4473 4475 4485 4488 4497 13291 13292 13293 13295 13296 13298 13300 13308 13311 13312 13313 13317 13318 
	}
	weather={
	}
}
