
strategic_region={
	id=32
	name="STRATEGICREGION_32"
	provinces={
		108 134 433 692 716 800 845 979 1005 1150 1243 1253 1341 1359 1471 1557 1839 1850 2133 2182 2191 2203 2269 2459 2559 2598 2878 2922 2957 2973 2990 3053 3069 3073 3140 3158 3321 3339 3387 3408 3559 3661 4912 4913 4914 4915 4918 4919 4920 4922 4923 4924 4926 4927 4930 4934 4935 4942 4945 5166 5167 5168 5169 5172 5175 5176 5178 5179 5180 5181 5182 5183 5184 5185 5186 5187 5188 5221 5236 5271 5272 5312 5313 5333 5357 5369 5402 5439 5451 5469 5475 5527 5556 5617 5648 5686 5694 5732 5738 5740 5747 5828 5856 5918 5975 5992 6088 6141 6167 6187 6279 6302 6318 6328 6361 6369 6461 6462 6463 6497 6506 6526 6545 6558 6625 6637 6640 6694 6772 6773 6793 6803 6806 6829 6993 6998 7012 7013 7040 7091 7095 7138 7161 7180 7224 7227 7232 7235 7319 7344 7346 7347 7354 7389 7411 7413 7417 7520 7544 7570 7593 7598 7614 7618 7622 7670 7671 7725 7736 7739 7757 7827 7845 7892 7893 7930 7931 7946 7970 8052 8089 8117 8145 8159 8181 8186 8280 8297 8320 8325 8328 8339 8359 8371 8401 8421 8424 8432 8473 8485 8497 8506 8524 8563 8680 8699 8711 8725 8763 8773 8831 8883 8884 8953 8974 8984 9003 9005 9045 9052 9065 9066 9122 9123 9154 9155 9157 9165 9178 9200 9225 9265 9275 9280 9289 9375 9378 9404 9440 9472 9495 9501 9505 9555 9563 9570 9575 9580 9595 9637 9641 9686 9687 9716 9719 9722 9727 9770 9773 9785 9790 9802 9804 9817 9823 9850 9863 9927 9935 9953 9968 9992 10009 10036 10044 10054 10067 10073 10091 10107 10111 10125 10135 10149 10165 10198 10202 10223 10227 10255 10266 10304 10311 10321 10337 10342 10371 10414 10435 10476 10479 10480 10483 10502 10519 10531 10542 10555 10587 10606 10621 10631 10633 10642 10674 10679 10686 10727 10772 10796 10802 10803 10845 10860 10870 10904 10924 10939 10951 10957 11010 11045 11056 11078 11096 11111 11117 11121 11131 11134 11169 11192 11214 11231 11238 11254 11261 11279 12453 12459 12473 12486 12504 12505 12512 12515 12517 12519 12522 12523 12526 12527 12528 12529 12532 12533 12535 12538 12539 12540 12541 12543 12548 12549 12552 12555 12560 12561 12563 12568 12569 12571 12573 12578 12580 12581 12584 12585 12587 12590 12592 12593 12594 12595 12598 12605 12607 12608 12612 12613 12616 12622 12623 12627 12633 12635 12636 12639 12640 12642 12643 12651 12652 12653 12654 12655 12659 12663 12664 12669 12670 12671 12672 12676 12679 12680 12684 12687 12688 12690 12691 12692 12695 12700 12701 12703 12709 12716 12721 12722 12736 12737 12759 13334 
	}
	weather={
	}
}
