
strategic_region={
	id=4
	name="STRATEGICREGION_4"
	provinces={
		138 228 309 606 657 1011 1059 1075 1120 1143 1332 1387 1391 1944 2001 2143 2275 2279 2283 2291 2320 2349 2372 2475 2522 2544 2565 2582 2686 2740 2773 2780 2864 2976 3060 3153 3179 3207 3236 3316 3340 3354 3403 3422 3452 3484 3522 3558 3561 3577 3580 3638 3685 4552 4561 4566 4568 4572 4573 4578 4583 4589 4591 4595 4596 4598 4602 4604 4605 4606 4607 4611 4612 4616 4617 4625 4626 4629 4632 4634 4635 4639 4641 4643 4645 4650 4651 4656 4659 4661 4664 4666 4667 4668 4673 4678 4683 4686 4705 4706 4713 4714 4722 4723 4726 4741 4744 4747 4756 4758 4761 4766 10941 
	}
	weather={
	}
}
