
strategic_region={
	id=48
	name="STRATEGICREGION_48"
	provinces={
		5 10 13 19 36 58 63 67 73 170 171 189 199 242 326 329 344 368 386 452 483 488 555 558 633 643 689 714 754 804 823 828 854 864 866 886 930 952 965 967 978 985 1024 1049 1093 1106 1114 1127 1160 1271 1309 1337 1345 1360 1376 1392 1399 1434 1480 1495 1497 1542 1544 1577 1584 1585 1684 1694 1709 1750 1873 1887 1913 1930 1985 1996 2002 2054 2076 2083 2086 2106 2108 2113 2119 2132 2180 2204 2207 2237 2247 2266 2286 2387 2458 2462 2470 2502 2528 2580 2618 2644 2690 2707 2715 2737 2756 2777 2778 2781 2823 2837 2887 2913 2945 2954 2962 2980 2999 3006 3015 3016 3093 3104 3136 3149 3163 3194 3195 3205 3380 3381 3510 3516 3548 3557 3587 3652 3674 3862 3865 3876 3878 3903 3914 3917 3920 3939 3944 3946 3959 3964 3966 3967 3975 3979 3985 3991 3999 4003 4006 4010 4011 4014 4015 4021 4026 4033 4037 4040 4044 4050 4053 4054 4058 4067 4068 5142 5144 5145 5146 5147 5148 5151 5945 6471 6821 6967 7449 7753 7758 7766 7799 8235 8710 8731 9640 9690 9693 9840 9866 10250 10348 10379 10880 10982 11125 11206 11991 12035 12039 12059 12105 12108 12116 13137 13184 13188 13202 13214 13215 13243 13265 
	}
	weather={
	}
}
