
strategic_region={
	id=52
	name="STRATEGICREGION_52"
	provinces={
		2 80 120 140 166 261 303 322 369 374 376 417 476 479 505 525 575 594 595 646 693 761 853 914 923 926 953 1038 1041 1042 1318 1364 1454 1486 1536 1572 1598 1669 1681 1784 1856 1871 1877 1993 2025 2044 2046 2125 2157 2241 2314 2394 2401 2447 2537 2568 2638 2667 2771 2774 2793 2826 2829 2854 2890 3011 3031 3120 3123 3139 3144 3156 3177 3206 3234 3256 3305 3379 3549 3569 3585 4110 4140 4144 4147 4151 4154 4158 4160 4162 4164 4166 4170 4175 4176 4180 4181 4186 4190 4191 4193 4195 4197 4199 4202 4203 4210 4215 4222 4224 4225 4240 4248 4254 4271 4286 5320 5324 5695 5983 6127 6186 6535 6650 6682 6862 7273 7291 7392 7653 7751 7811 7914 8137 8291 8330 8468 8486 8638 8658 8976 9069 9108 9179 9246 9296 9299 9402 9409 9442 9463 9521 9582 9609 9650 9870 9902 10128 10136 10146 10289 10402 10405 10419 10449 10461 10546 10619 10748 10789 10970 10998 11145 11185 12120 12126 12137 12144 12147 12149 12156 12157 12162 12171 12173 12176 12182 12189 12196 12199 12201 13297 13299 13301 13304 13305 
	}
	weather={
	}
}
