
strategic_region={
	id=53
	name="STRATEGICREGION_53"
	provinces={
		96 233 335 398 418 547 717 773 806 877 971 995 1047 1094 1149 1163 1268 1296 1382 1384 1435 1499 1501 1541 1659 1672 1804 1882 1911 1969 2097 2128 2147 2240 2411 2452 2483 2486 2496 2556 2570 2572 2628 2728 2853 2865 2929 3005 3088 3141 3187 3328 3429 3494 3626 3976 3986 3996 3997 4001 4008 4013 4016 4022 4027 4032 4038 4048 4061 4071 4075 4078 4080 4086 4105 4107 4111 4126 4127 5149 10575 12071 12085 13276 13277 13281 13285 13288 13289 13290 
	}
	weather={
	}
}
