
strategic_region={
	id=54
	name="STRATEGICREGION_54"
	provinces={
		5209 5211 5228 5260 5413 5438 5441 5489 5605 5674 5704 5736 5737 5753 5821 5823 5862 5865 5939 6007 6041 6085 6122 6173 6315 6368 6419 6476 6483 6642 6644 6781 6800 6879 6897 6959 7066 7077 7130 7149 7178 7202 7208 7298 7351 7370 7396 7427 7487 7504 7525 7569 7590 7612 7634 7657 7681 7719 7729 7769 7831 7836 7912 8077 8142 8200 8207 8213 8279 8292 8358 8364 8386 8392 8397 8398 8469 8491 8498 8628 8688 8714 8754 8844 8858 8956 9009 9053 9088 9158 9223 9259 9285 9303 9345 9358 9446 9476 9503 9560 9613 9616 9692 9695 9711 9713 9730 9743 9753 9834 9841 9868 9987 9996 10017 10110 10134 10148 10161 10170 10185 10188 10226 10270 10292 10357 10381 10384 10389 10407 10463 10474 10528 10538 10539 10592 10594 10604 10630 10673 10716 10809 10863 11012 11033 11068 11089 11114 11122 11128 11215 11755 11772 11777 11779 11788 11789 11795 11800 11805 11809 11812 11824 11826 11827 11838 11840 11846 11852 11853 11868 11869 11875 11881 11890 11892 11897 11903 11904 11905 11906 11912 11918 11919 11922 11924 11925 11926 11929 11934 11936 11938 11943 11949 11950 11951 11955 11956 11958 11965 11970 11978 11980 11982 11985 11990 11996 12009 12014 12016 12021 12023 12028 12031 12041 12044 12049 12060 13198 
	}
	weather={
	}
}
