
strategic_region={
	id=55
	name="STRATEGICREGION_55"
	provinces={
		5234 5291 5345 5349 5358 5366 5392 5393 5430 5461 5480 5487 5492 5501 5567 5595 5646 5681 5776 5813 5816 5825 5844 5866 5915 5956 5978 6055 6092 6102 6109 6134 6185 6197 6198 6204 6205 6206 6243 6267 6365 6410 6416 6435 6444 6468 6485 6511 6524 6607 6632 6711 6749 6775 6817 6852 6914 6919 6934 6936 6983 6984 7007 7009 7062 7075 7115 7132 7136 7199 7209 7244 7252 7265 7294 7387 7388 7399 7400 7430 7439 7441 7451 7456 7485 7502 7523 7573 7585 7586 7645 7654 7656 7684 7694 7720 7785 7791 7825 7842 7896 7899 7952 7961 7966 7979 8013 8021 8025 8045 8051 8079 8081 8094 8109 8111 8115 8136 8183 8201 8261 8269 8287 8304 8408 8447 8529 8581 8604 8610 8612 8615 8704 8724 8734 8787 8798 8818 8822 8849 8857 8861 8867 8868 8912 8918 8932 8947 8971 9012 9013 9044 9054 9076 9084 9105 9113 9124 9153 9205 9219 9245 9252 9274 9286 9300 9311 9363 9373 9405 9420 9435 9456 9479 9490 9507 9540 9550 9565 9600 9611 9625 9663 9675 9678 9701 9709 9748 9775 9786 9789 9806 9820 9845 9851 9884 9886 9887 9960 9970 10031 10049 10071 10160 10177 10229 10245 10253 10259 10267 10269 10277 10338 10341 10465 10477 10537 10598 10660 10666 10667 10678 10682 10720 10725 10827 10841 10856 10866 10879 10894 10900 10914 10948 10976 11002 11016 11023 11042 11062 11110 11123 11136 11161 11177 11184 11199 11237 11245 11284 12822 12828 12831 12846 12854 12855 12860 12861 12864 12868 12869 12875 12876 12879 12882 12884 12890 12891 12892 12895 12898 12901 12903 12904 12910 12911 12912 12913 12915 12917 12918 12926 12927 12928 12932 12933 12937 12938 12940 12941 12942 12944 12945 12948 12950 12951 12953 12957 12958 12960 12961 12965 12966 12967 12968 12971 12978 12982 12985 12992 12994 12995 12996 12997 12998 12999 13000 13001 13002 13003 13004 13005 13007 13008 13009 13010 13011 13013 13014 13015 13016 13017 13018 13019 13020 13022 13024 13026 13029 13031 13032 13033 13035 13036 
	}
	weather={
	}
}
