
strategic_region={
	id=56
	name="STRATEGICREGION_56"
	provinces={
		5237 5275 5298 5301 5419 5534 5544 5557 5643 5655 5664 5684 5733 5781 5858 5883 5941 5944 5997 6003 6013 6064 6124 6137 6158 6191 6226 6286 6291 6332 6337 6375 6493 6502 6563 6588 6591 6613 6618 6621 6648 6656 6660 6671 6696 6792 6811 6912 6982 6989 7003 7027 7080 7197 7293 7414 7426 7452 7465 7481 7492 7639 7721 7771 7784 7792 7805 7882 7904 7919 7972 8069 8100 8101 8139 8153 8195 8260 8268 8309 8415 8442 8481 8495 8518 8560 8578 8584 8657 8687 8717 8830 8843 8941 8942 8955 8973 8990 8993 9008 9016 9078 9091 9111 9215 9234 9254 9292 9330 9331 9340 9348 9368 9374 9380 9394 9400 9414 9417 9422 9429 9474 9498 9518 9519 9568 9627 9635 9721 9758 9776 9814 9818 9828 9839 9849 9855 9871 9879 9898 9950 9967 9972 9981 10003 10018 10051 10072 10092 10108 10115 10141 10143 10150 10164 10221 10225 10234 10248 10249 10314 10358 10365 10406 10422 10444 10460 10534 10544 10599 10624 10647 10651 10736 10737 10740 10768 10834 10858 10871 10906 10962 11049 11066 11099 11102 11139 11273 11274 11291 11292 11293 11294 11295 11296 11297 11318 11319 11322 11330 11335 11336 11337 11341 11350 11355 11370 11372 11374 11376 11377 11383 11386 11392 11396 11405 11424 11433 11445 11446 11447 11459 11461 11464 11467 11471 11476 11485 11488 11501 11508 11510 11517 11525 11526 11528 11537 11539 11547 11559 11562 11565 11568 11570 11585 11589 11595 11601 11608 11610 11613 11623 11642 11658 11665 11674 11685 
	}
	weather={
	}
}
