
strategic_region={
	id=57
	name="STRATEGICREGION_57"
	provinces={
		176 617 696 724 1562 1621 1644 1758 1833 1893 2585 2852 3041 3246 3691 3692 3697 3699 3701 3703 5067 5217 5218 5243 5315 5351 5378 5388 5397 5416 5448 5483 5520 5545 5558 5600 5615 5621 5649 5750 5758 5766 5796 5801 5803 5959 5976 6091 6098 6117 6132 6154 6166 6182 6193 6275 6297 6310 6313 6330 6353 6362 6385 6398 6428 6457 6469 6477 6562 6564 6568 6594 6602 6701 6729 6743 6802 6869 6876 6888 6910 6911 6913 6923 6931 6938 6963 6976 7022 7037 7044 7063 7084 7122 7144 7150 7156 7196 7215 7221 7283 7314 7335 7403 7433 7438 7479 7532 7547 7591 7592 7597 7613 7644 7666 7667 7698 7700 7724 7781 7839 7841 7850 7900 7902 7921 7926 7965 7992 8027 8044 8064 8103 8110 8116 8124 8125 8151 8171 8172 8173 8220 8231 8237 8251 8254 8278 8281 8296 8385 8425 8454 8457 8462 8467 8523 8533 8557 8571 8591 8623 8627 8636 8637 8642 8666 8690 8744 8769 8777 8784 8786 8812 8816 8837 8864 8888 9017 9028 9046 9058 9063 9073 9085 9112 9125 9128 9137 9144 9148 9217 9224 9270 9297 9318 9338 9379 9397 9465 9489 9491 9502 9576 9579 9589 9604 9629 9670 9700 9715 9728 9751 9907 9913 9917 9925 9932 9949 9978 9988 10011 10041 10045 10112 10140 10159 10203 10214 10244 10260 10287 10306 10319 10328 10350 10364 10387 10399 10404 10411 10416 10425 10466 10494 10527 10554 10637 10715 10731 10765 10771 10792 10806 10819 10832 10852 10864 10868 10876 10903 10907 10921 10946 10953 11037 11061 11091 11092 11103 11108 11116 11135 11141 11144 11159 11188 11209 11232 11262 11275 11278 11286 11287 11288 11289 11290 11312 11313 11328 11334 11348 11349 11354 11363 11364 11367 11373 11375 11391 11393 11394 11395 11398 11402 11406 11409 11412 11414 11415 11416 11422 11423 11427 11436 11439 11440 11455 11460 11463 11478 11479 11486 11487 11491 11494 11504 11513 11514 11524 11531 11549 11550 11560 11567 11577 11583 11588 11590 11606 11607 11620 11622 11635 11636 11638 11654 11656 11662 11669 11672 11676 11680 11683 11691 11693 11699 11701 11708 11711 11712 11721 11722 11723 11735 11736 11742 11747 11750 11754 11770 11778 
	}
	weather={
	}
}
