
strategic_region={
	id=58
	name="STRATEGICREGION_58"
	provinces={
		5269 5310 5316 5356 5395 5403 5517 5522 5532 5574 5601 5620 5671 5679 5697 5707 5767 5807 5849 5859 5888 5925 5931 6005 6032 6114 6131 6174 6234 6237 6248 6253 6270 6272 6301 6304 6388 6446 6459 6505 6534 6544 6589 6595 6643 6659 6676 6684 6795 6810 6824 6843 6908 6918 7010 7020 7036 7041 7067 7119 7181 7182 7271 7290 7297 7327 7342 7343 7418 7457 7471 7474 7496 7506 7509 7594 7620 7652 7669 7688 7690 7750 7770 7786 7801 7858 7859 7878 7881 7884 7928 7944 7948 7983 8076 8104 8143 8161 8165 8168 8243 8244 8308 8345 8361 8383 8402 8413 8449 8476 8494 8504 8515 8554 8597 8602 8651 8665 8691 8705 8707 8722 8736 8756 8792 8846 8852 8854 8855 8913 8944 8987 8989 8996 8998 9034 9056 9092 9095 9129 9134 9145 9173 9195 9214 9227 9236 9271 9316 9336 9344 9384 9398 9407 9410 9418 9421 9423 9427 9461 9511 9526 9587 9588 9630 9665 9667 9679 9699 9739 9745 9801 9816 9829 9876 9877 9891 9906 9914 9939 9940 9958 9977 9998 9999 10023 10032 10034 10082 10090 10106 10124 10157 10168 10171 10179 10204 10210 10256 10273 10274 10286 10301 10326 10392 10423 10485 10517 10549 10550 10568 10609 10614 10629 10643 10646 10688 10692 10694 10707 10714 10744 10774 10794 10808 10818 10830 10865 10891 10905 10909 10910 10922 10925 10960 10966 10996 11009 11018 11021 11052 11088 11115 11124 11160 11178 11180 11181 11182 11200 11201 11210 11244 11264 12389 12390 12391 12407 12416 12417 12422 12433 12437 12444 12447 12449 12456 12457 12464 12470 12474 12477 12478 12479 12481 12482 12491 12493 12503 12507 12513 12514 12521 12524 12536 12547 12550 12551 12556 12562 12565 12572 12576 12582 12583 12586 12601 12617 12618 12620 12624 12631 12638 12650 12658 12667 12673 12674 12677 12683 12699 12702 12707 12708 12713 12715 12720 12724 12728 12730 12731 12739 12744 12754 12762 12763 12777 12779 12797 12798 12805 12806 12815 12818 12819 
	}
	weather={
	}
}
