
strategic_region={
	id=8
	name="STRATEGICREGION_8"
	provinces={
		5190 5193 5283 5551 5735 5779 5800 5958 6042 6089 6320 6380 6437 6478 6482 6769 6850 7086 7584 7649 7675 7754 7772 7916 8056 8073 8132 8156 8170 8240 8277 8351 8513 8747 8789 8890 9114 9121 9131 9169 9208 9327 9354 9509 9522 9533 9559 9598 9602 9656 9809 9827 9956 10123 10258 10268 10303 10344 10453 10459 10683 10713 10749 10756 10764 10784 10869 11005 11191 11205 12644 12685 12694 12697 12698 12704 12706 12714 12718 12734 12740 12745 12750 12755 12756 12758 12768 12771 12776 12795 12808 12824 
	}
	weather={
	}
}
