
strategic_region={
	id=9
	name="STRATEGICREGION_9"
	provinces={
		5170 5174 5215 5361 5390 5790 5792 5890 5919 6081 6144 6305 6427 6480 6638 6744 6765 6788 6791 6819 6846 6978 6985 7131 7621 7697 7708 7709 7788 7793 7939 8008 8071 8107 8234 8313 8353 8436 8541 8594 8746 8757 8894 8961 8964 8978 8991 9023 9048 9060 9188 9229 9247 9566 9646 9666 9737 9742 9948 10279 10454 10458 10572 10608 10641 10677 10700 10732 10940 10963 11093 11097 11151 11222 12427 12431 12438 12441 12450 12454 12469 12483 12495 12497 12499 12510 12520 12534 12557 12564 12574 12575 12588 12596 12597 12600 12603 12615 12619 12628 12637 12646 12660 12666 12668 12678 12696 
	}
	weather={
	}
}
