
state={
	id=1
	name="STATE_1"

	history={
		owner = CAN
		add_core_of = CAN
	}

	provinces={
		3 12 14 16 17 22 23 27 28 31 37 42 46 47 51 52 55 56 57 60 66 69 72 74 76 81 82 83 84 85 87 93 94 97 98 99 100 106 109 113 115 116 121 123 125 128 129 132 133 136 139 142 143 146 150 156 159 162 167 168 180 182 185 188 191 193 198 201 206 220 221 222 224 225 226 230 232 236 239 241 244 245 246 248 251 259 262 264 265 270 272 273 275 276 277 282 285 286 289 293 301 305 306 307 316 323 327 331 332 339 350 352 354 357 364 365 366 370 373 378 380 381 384 385 391 392 393 395 396 399 405 406 407 411 413 414 425 428 430 431 436 439 440 448 449 454 456 457 463 465 468 469 477 484 485 486 487 490 492 493 494 497 500 502 509 510 516 517 518 521 523 527 530 531 537 539 540 541 543 545 549 551 553 554 556 567 569 573 576 579 581 584 585 586 590 592 596 600 601 604 605 609 610 611 612 615 618 619 622 623 625 628 630 637 639 645 650 651 653 654 656 658 659 660 663 667 668 670 675 687 688 698 699 705 708 721 723 725 730 731 733 735 736 743 744 747 749 757 759 763 764 765 766 767 775 779 783 786 789 790 797 801 803 805 810 811 814 818 819 824 829 832 833 834 839 841 843 847 851 855 856 858 859 865 867 872 879 883 884 885 887 888 892 894 897 898 901 902 912 918 925 929 932 933 935 943 947 948 954 959 961 964 969 970 974 983 986 987 991 992 996 997 1001 1004 1009 1012 1016 1022 1023 1025 1026 1028 1029 1036 1039 1050 1053 1056 1057 1058 1061 1062 1073 1079 1080 1081 1083 1084 1086 1089 1091 1095 1097 1101 1110 1112 1118 1122 1123 1126 1129 1133 1135 1136 1138 1139 1140 1145 1146 1154 1164 1165 1167 1168 1173 1174 1182 1183 1184 1185 1189 1190 1191 1192 1193 1204 1205 1206 1208 1209 1214 1217 1219 1221 1225 1226 1229 1230 1235 1242 1244 1248 1249 1250 1255 1256 1257 1260 1264 1265 1269 1273 1278 1284 1285 1289 1291 1294 1297 1298 1301 1304 1306 1307 1314 1316 1328 1329 1333 1338 1344 1347 1348 1349 1350 1352 1363 1365 1366 1369 1371 1372 1374 1377 1379 1380 1383 1395 1396 1397 1398 1401 1403 1407 1410 1412 1415 1416 1420 1421 1422 1425 1432 1440 1442 1446 1460 1462 1465 1467 1468 1472 1474 1475 1476 1491 1502 1504 1505 1508 1516 1518 1523 1526 1529 1539 1543 1545 1547 1549 1551 1558 1560 1561 1565 1570 1573 1575 1576 1578 1580 1588 1592 1594 1597 1599 1602 1604 1608 1612 1617 1619 1625 1630 1631 1634 1635 1643 1646 1648 1652 1658 1663 1671 1675 1677 1678 1680 1686 1687 1691 1695 1697 1698 1702 1704 1708 1711 1714 1727 1728 1731 1732 1737 1740 1743 1745 1753 1770 1773 1776 1778 1782 1790 1801 1803 1805 1806 1808 1812 1813 1815 1816 1818 1823 1824 1826 1828 1840 1841 1844 1845 1846 1854 1855 1857 1862 1863 1864 1865 1866 1867 1870 1875 1883 1900 1908 1915 1919 1921 1925 1929 1931 1941 1943 1945 1949 1951 1956 1958 1962 1966 1967 1970 1976 1984 1987 1989 1990 1994 1997 1998 2003 2010 2014 2015 2021 2022 2023 2028 2029 2032 2041 2042 2043 2047 2055 2057 2058 2059 2064 2065 2066 2070 2071 2072 2073 2087 2088 2089 2090 2091 2092 2093 2096 2101 2105 2109 2110 2118 2127 2130 2131 2139 2140 2153 2162 2167 2175 2176 2188 2193 2196 2200 2201 2202 2209 2213 2222 2225 2229 2232 2243 2248 2250 2253 2259 2263 2264 2265 2276 2288 2290 2293 2294 2295 2307 2308 2309 2311 2316 2335 2336 2338 2343 2348 2356 2357 2360 2362 2363 2374 2378 2380 2386 2389 2390 2398 2406 2409 2412 2414 2416 2426 2427 2429 2430 2432 2444 2446 2449 2451 2453 2463 2464 2466 2467 2468 2469 2471 2487 2490 2492 2494 2504 2507 2508 2517 2518 2520 2527 2534 2543 2549 2550 2554 2555 2560 2576 2577 2583 2591 2592 2595 2602 2610 2612 2617 2624 2627 2633 2646 2647 2648 2657 2662 2664 2668 2673 2681 2684 2691 2692 2697 2700 2705 2716 2717 2729 2731 2733 2735 2736 2742 2743 2744 2748 2752 2753 2755 2759 2767 2779 2783 2788 2801 2802 2804 2806 2810 2814 2820 2821 2822 2841 2845 2848 2859 2863 2866 2867 2874 2877 2879 2882 2886 2888 2889 2896 2900 2905 2906 2909 2911 2912 2915 2919 2920 2924 2926 2928 2935 2939 2944 2946 2947 2948 2949 2956 2965 2966 2967 2968 2969 2971 2974 2982 2983 2994 2998 3013 3014 3018 3024 3025 3026 3033 3036 3044 3049 3050 3056 3059 3061 3062 3083 3087 3090 3109 3110 3114 3115 3126 3132 3134 3161 3165 3171 3172 3176 3182 3186 3188 3191 3193 3196 3198 3199 3208 3209 3211 3213 3214 3215 3217 3245 3251 3257 3258 3259 3261 3266 3275 3276 3278 3279 3287 3292 3299 3307 3310 3317 3318 3324 3325 3333 3336 3337 3345 3350 3351 3358 3359 3361 3364 3366 3373 3376 3388 3402 3404 3410 3413 3416 3417 3424 3427 3428 3442 3447 3460 3467 3469 3473 3481 3486 3487 3488 3504 3507 3508 3519 3525 3531 3534 3537 3539 3544 3562 3568 3598 3600 3608 3614 3624 3627 3634 3637 3639 3640 3642 3643 3645 3658 3668 3669 3672 3676 3689 3693 3698 3700 3706 3710 3712 3713 3714 3717 3721 3723 3724 3728 3730 3732 3733 3736 3737 3739 3741 3742 3744 3749 3751 3755 3756 3757 3763 3764 3765 3767 3770 3772 3773 3774 3775 3776 3780 3781 3782 3784 3788 3789 3790 3791 3795 3797 3799 3800 3802 3803 3804 3805 3806 3808 3811 3812 3814 3815 3816 3817 3819 3820 3821 3822 3824 3825 3826 3827 3828 3829 3830 3832 3834 3835 3837 3838 3841 3843 3844 3846 3847 3848 3851 3852 3855 3856 3857 3858 3859 3861 3863 3864 3866 3867 3868 3870 3871 3872 3873 3874 3875 3877 3879 3880 3881 3882 3883 3884 3885 3886 3887 3888 3889 3890 3891 3893 3894 3895 3896 3897 3898 3899 3900 3901 3902 3904 3905 3906 3907 3908 3909 3910 3911 3912 3913 3915 3916 3918 3919 3921 3922 3923 3924 3925 3926 3927 3928 3929 3930 3931 3932 3933 3934 3935 3936 3937 3938 3940 3941 3942 3943 3945 3947 3948 3949 3950 3951 3952 3953 3954 3955 3956 3957 3958 3960 3961 3962 3963 3965 3968 3969 3970 3971 3972 3973 3974 3977 3978 3980 3981 3982 3983 3984 3987 3988 3989 3990 3992 3993 3994 3995 3998 4000 4002 4004 4005 4007 4009 4017 4018 4019 4020 4023 4024 4025 4028 4029 4030 4031 4034 4035 4036 4041 4042 4043 4045 4046 4049 4051 4052 4055 4056 4057 4060 4063 4064 4069 4070 4072 4077 4082 4089 4096 4101 5051 5052 5053 5054 5056 5057 5058 5059 5060 5062 5063 5064 5065 5066 5068 5071 5072 5074 5075 5076 5077 5078 5079 5080 5081 5082 5084 5085 5086 5087 5088 5090 5091 5092 5093 5095 5101 5102 5103 5106 5108 5109 5112 5122 5127 5128 5129 5130 5131 5133 5134 5135 5137 5140 5141 5143 5150 5152 5153 5154 5155 5156 5157 5158 
	}
	manpower=1000
	buildings_max_level_factor=1.000
	state_category=city
	local_supplies=0.000
}
