
state={
	id=144
	name="STATE_144"
	history = {
		owner = USA
		add_core_of = USA
	}
	provinces={
		8 25 50 70 92 117 118 130 151 161 177 178 179 195 212 223 231 238 254 256 269 297 302 311 312 315 321 337 340 347 356 361 423 438 453 458 466 480 495 512 522 528 542 563 616 662 666 680 707 715 722 727 737 740 780 791 794 807 837 842 844 846 862 863 875 882 889 891 910 917 942 950 955 975 1027 1031 1032 1033 1045 1046 1076 1155 1170 1196 1207 1210 1215 1227 1236 1254 1267 1274 1281 1310 1312 1317 1324 1325 1330 1331 1353 1385 1386 1413 1428 1436 1530 1533 1534 1563 1586 1611 1640 1650 1655 1664 1674 1688 1690 1710 1730 1751 1754 1755 1756 1761 1783 1789 1796 1809 1810 1861 1872 1895 1924 1940 1978 1986 1988 2008 2009 2016 2017 2018 2020 2026 2080 2094 2099 2165 2166 2172 2177 2219 2254 2278 2289 2303 2317 2319 2392 2396 2425 2428 2434 2501 2515 2529 2538 2539 2553 2558 2587 2607 2642 2643 2650 2652 2658 2660 2670 2682 2683 2695 2713 2714 2722 2726 2732 2746 2762 2782 2790 2792 2807 2811 2825 2862 2873 2876 2891 2899 2921 2950 2959 2997 3067 3072 3099 3102 3103 3112 3129 3137 3138 3185 3228 3248 3285 3355 3356 3360 3365 3400 3405 3456 3465 3492 3496 3536 3543 3589 3590 3603 3666 3683 3694 3704 3705 3708 3711 3715 3716 3718 3719 3720 3722 3725 3727 3729 3731 3735 3740 3743 3745 3746 3747 3748 3750 3752 3753 3754 3758 3760 3761 3762 3766 3769 3771 3778 3779 3783 3785 3786 3787 3794 3796 3798 3807 3809 3810 3813 3818 3823 3831 3833 3839 3840 3842 3845 3850 3860 3869 3892 5069 5073 5083 5089 5094 5096 5097 5098 5099 5100 5104 5105 5107 5110 5111 5113 5114 5115 5116 5117 5118 5119 5120 5121 5123 5124 5125 5126 5132 5136 5138 5139 
	}
	manpower=0
	buildings_max_level_factor=1.000
	local_supplies=0.000
}
