state={
	id=150
	name="STATE_150"
	history = {
		owner = DEN
		add_core_of = DEN
	}
	provinces={
		114 165 174 184 194 203 240 243 318 355 359 360 424 499 513 533 597 691 697 704 850 852 874 905 922 944 976 1006 1034 1054 1147 1158 1201 1220 1228 1303 1320 1378 1449 1461 1527 1553 1610 1716 1752 1884 1961 2004 2037 2040 2205 2257 2325 2333 2359 2365 2391 2493 2499 2590 2601 2730 2815 2850 2884 2917 2931 2988 3032 3105 3121 3128 3174 3289 3323 3348 3371 3401 3483 3540 3563 3573 3592 3633 3662 3686 3690 3695 3696 3702 3707 3709 3726 3734 3738 3759 3768 3777 5055 5061 5070 
	}
	manpower=0
	buildings_max_level_factor=1.000
	local_supplies=0.000
}
