state={
	id=153
	name="STATE_153"
	history={
		owner = CAN
		add_core_of = CAN
	}
	provinces={
		10 19 63 73 170 171 189 199 242 344 368 452 488 555 643 714 804 823 828 854 886 952 967 1049 1106 1114 1127 1271 1309 1337 1360 1392 1399 1434 1480 1495 1497 1542 1544 1577 1584 1585 1709 1750 1873 1985 1996 2002 2054 2083 2086 2108 2113 2119 2132 2180 2237 2247 2266 2286 2458 2462 2502 2528 2644 2715 2737 2777 2778 2781 2823 2837 2887 2954 2962 2980 2999 3006 3015 3016 3104 3136 3149 3194 3195 3205 3380 3381 3516 3548 3557 3652 3939 3946 3959 3964 3966 3975 3979 3985 3991 3999 4003 4006 4010 4011 4014 4015 4021 4026 4033 4037 4040 4044 4050 4053 4054 4058 4067 4068 5142 5144 5145 5146 5147 5148 5151 
	}
	manpower=0
	buildings_max_level_factor=1.000
	local_supplies=0.000
}
