state={
	id=160
	name="STATE_160"
	history = {
		owner = CEN
		add_core_of = CEN
	}
	provinces={
		4 62 181 197 253 278 353 422 432 566 587 690 702 768 776 785 896 900 915 981 1014 1051 1063 1109 1199 1259 1288 1295 1319 1389 1433 1443 1447 1453 1458 1459 1567 1628 1629 1639 1647 1673 1723 1729 1757 1760 1878 1932 1938 1939 2067 2148 2171 2260 2282 2340 2375 2500 2506 2579 2609 2666 2675 2685 2795 2818 2824 2872 3046 3130 3162 3173 3342 3362 3389 3451 3454 3564 3571 3636 4976 4979 4981 4983 4990 4993 4994 4996 4997 4998 4999 5000 5001 5002 5007 5008 5009 5011 5015 5017 5021 5023 5024 5026 5028 5031 5033 5034 5035 5039 5041 5045 5195 5196 5197 5198 
	}
	manpower=0
	buildings_max_level_factor=1.000
	local_supplies=0.000
}
