state={
	id=52
	name="STATE_52"
	provinces={
		153 520 661 774 957 1178 1186 1245 1339 1343 1367 1426 1524 1609 1692 1699 1726 1772 1775 1781 1787 1807 1896 1955 2074 2141 2270 2296 2350 2351 2404 2440 2445 2551 2614 2696 2764 2789 2816 2817 2835 2849 2898 2977 3000 3048 3065 3116 3155 3178 3267 3297 3313 3319 3368 3415 3425 3478 3493 3503 3513 3526 3546 3591 3596 3612 3654 3656 4066 4073 4074 4076 4079 4081 4083 4084 4090 4091 4092 4093 4094 4095 4098 4099 4100 4102 4103 4104 4108 4109 4112 4113 4114 4115 4116 4118 4119 4120 4121 4122 4123 4124 4128 4129 4130 4131 4135 4137 4139 4141 4143 4149 4153 4156 
	}
	manpower=0
	buildings_max_level_factor=1.000
	local_supplies=0.000
}
