
state={
	id=58
	name="STATE_58"
	history = {
		owner = USA
		add_core_of = USA
	}
	provinces={
		21 30 64 75 78 294 308 358 464 557 613 629 635 647 671 676 685 711 712 728 758 782 792 799 812 876 940 946 973 980 982 988 994 1015 1052 1060 1065 1090 1098 1107 1115 1121 1181 1202 1224 1266 1277 1354 1375 1393 1450 1485 1494 1522 1528 1555 1626 1712 1722 1725 1736 1771 1779 1797 1820 1837 1847 1848 1849 1852 1891 1892 1902 1935 1950 1957 1964 1973 2000 2084 2134 2161 2199 2224 2251 2271 2328 2353 2371 2382 2399 2441 2443 2460 2484 2535 2536 2557 2569 2575 2588 2611 2620 2651 2699 2739 2750 2827 2834 2842 2857 2883 2910 2932 2933 2943 2984 3040 3043 3063 3068 3101 3119 3160 3235 3262 3293 3335 3349 3378 3436 3439 3455 3476 3512 3535 3541 3550 3594 3595 3604 3670 3684 4547 4548 4565 4657 4707 4710 4712 4716 4729 4730 4738 4739 4742 4748 4750 4752 4763 4777 4778 4782 4790 4791 4795 4798 4801 4804 4805 4806 4810 4813 4814 4815 4824 4825 4826 4831 4834 4835 4836 4842 4844 4847 4848 4849 4851 4852 4854 4855 4856 4857 4858 4859 4860 4861 4862 4865 4867 4869 4870 4871 4873 4875 4876 4878 4879 4881 4882 4884 4886 4887 4889 4894 4901 4908 
	}
	manpower=0
	buildings_max_level_factor=1.000
	local_supplies=0.000
}
