
state={
	id=65
	name="STATE_65"
	provinces={
		4 26 40 48 62 103 110 148 154 158 172 175 181 186 197 205 208 209 216 217 218 253 271 278 288 296 325 328 330 334 336 353 363 371 372 382 383 388 389 401 403 415 422 432 444 451 459 461 470 475 489 526 536 548 564 566 583 587 588 599 624 636 644 648 649 652 665 683 690 702 713 718 726 751 755 768 772 776 785 802 809 822 826 835 868 869 880 890 896 900 909 915 939 945 958 968 981 984 1003 1014 1018 1020 1030 1037 1043 1051 1063 1070 1071 1078 1096 1109 1142 1152 1171 1175 1199 1203 1211 1213 1218 1231 1238 1259 1261 1287 1288 1295 1300 1311 1313 1319 1326 1335 1373 1389 1400 1402 1424 1429 1430 1433 1443 1447 1453 1458 1459 1484 1493 1520 1521 1532 1535 1537 1538 1567 1583 1587 1589 1600 1605 1620 1628 1629 1639 1642 1645 1647 1654 1662 1667 1670 1673 1683 1715 1723 1729 1734 1757 1760 1768 1788 1798 1799 1825 1838 1843 1853 1860 1878 1897 1906 1923 1926 1932 1933 1938 1939 1942 1947 1953 1975 2013 2036 2067 2069 2081 2082 2107 2112 2117 2122 2126 2138 2142 2148 2151 2171 2178 2187 2228 2256 2260 2282 2284 2298 2305 2306 2318 2331 2337 2340 2346 2361 2373 2375 2393 2403 2415 2419 2420 2424 2431 2435 2439 2450 2456 2480 2500 2506 2510 2511 2519 2540 2562 2579 2589 2603 2604 2609 2616 2619 2666 2671 2672 2675 2685 2702 2709 2720 2747 2784 2795 2797 2798 2818 2824 2843 2872 2902 2923 2941 2953 2989 2996 3002 3019 3022 3023 3046 3047 3057 3064 3082 3085 3106 3108 3130 3151 3162 3166 3170 3173 3190 3202 3219 3227 3232 3254 3265 3270 3291 3306 3326 3342 3346 3352 3362 3374 3384 3389 3409 3419 3420 3433 3441 3451 3454 3458 3471 3472 3490 3495 3501 3517 3527 3529 3530 3560 3564 3571 3611 3617 3636 3641 3681 4827 4830 4838 4841 4863 4864 4868 4874 4877 4880 4883 4888 4891 4892 4893 4895 4896 4897 4899 4903 4904 4905 4906 4909 4910 4911 4916 4921 4925 4928 4929 4931 4932 4933 4937 4938 4939 4940 4941 4943 4944 4946 4947 4948 4949 4950 4951 4952 4953 4954 4955 4956 4957 4958 4959 4960 4961 4962 4963 4964 4965 4966 4967 4969 4971 4973 4975 4976 4977 4978 4979 4980 4981 4983 4985 4987 4990 4993 4994 4995 4996 4997 4998 4999 5000 5001 5002 5007 5008 5009 5011 5015 5017 5021 5023 5024 5026 5028 5031 5033 5034 5035 5039 5041 5045 5173 5189 5190 5193 5195 5196 5197 5198 
	}
	manpower=0
	buildings_max_level_factor=1.000
	local_supplies=0.000
}
