
state={
	id=66
	name="STATE_66"
	provinces={
		1 137 173 247 255 267 313 342 351 367 397 404 435 443 446 482 507 524 535 559 561 565 574 627 694 734 738 742 745 753 781 821 827 848 861 873 906 907 928 977 989 990 1008 1130 1166 1222 1240 1280 1283 1292 1308 1355 1358 1406 1470 1490 1509 1510 1540 1568 1569 1591 1607 1613 1618 1624 1653 1665 1682 1705 1719 1741 1749 1764 1769 1792 1793 1859 1868 1901 1922 1954 1977 1980 1991 2075 2085 2116 2135 2183 2194 2245 2267 2274 2280 2292 2301 2368 2433 2472 2523 2531 2545 2564 2586 2629 2637 2654 2678 2689 2706 2712 2819 2831 2851 2860 2894 2904 2960 2963 2970 2986 3051 3052 3055 3066 3184 3220 3298 3300 3330 3396 3414 3430 3500 3521 3593 3610 4968 4970 4972 4974 4982 4984 4986 4988 4989 4991 4992 5003 5004 5005 5006 5010 5012 5013 5014 5016 5018 5019 5020 5022 5025 5027 5029 5030 5032 5036 5037 5038 5040 5042 5043 5044 5046 5047 5048 5049 5050 5191 5192 
	}
	manpower=0
	buildings_max_level_factor=1.000
	local_supplies=0.000
}
