state={
	id=68
	name="STATE_68"
	history = {
		owner = USA
		add_core_of = USA
	}
	provinces={
		2 80 120 140 166 261 303 322 369 374 417 479 505 525 575 595 646 693 761 914 923 926 953 1038 1041 1042 1318 1364 1454 1486 1572 1598 1669 1681 1784 1877 2025 2044 2046 2125 2157 2241 2394 2401 2447 2568 2638 2667 2771 2774 2793 2826 2854 3011 3120 3139 3144 3177 3234 3569 4110 4140 4144 4175 4210 4224 4225 4248 4254 4271 4286 
	}
	manpower=0
	buildings_max_level_factor=1.000
	local_supplies=0.000
}
