state={
	id=71
	name="STATE_71"
	history = {
		owner = USA
		add_core_of = USA
	}
	provinces={
		35 53 54 61 88 101 102 124 145 211 214 250 257 291 298 304 345 377 400 460 472 473 481 506 515 634 641 655 719 771 816 919 1002 1021 1082 1099 1177 1232 1270 1293 1342 1370 1390 1414 1423 1452 1481 1515 1701 1739 1777 1830 1834 1869 1876 1881 1890 1927 1960 1971 1979 2049 2077 2079 2145 2169 2206 2223 2239 2277 2323 2381 2407 2482 2532 2578 2581 2640 2659 2677 2698 2749 2769 2776 2830 2847 2907 3012 3020 3038 3148 3200 3201 3210 3222 3230 3253 3260 3280 3288 3312 3344 3497 3551 3556 3576 3618 3649 3659 3682 4506 4510 4514 4525 4528 4536 4542 4557 4575 4576 4579 4587 4597 4599 4601 4608 4619 4630 4637 4638 4642 4647 4655 4658 4662 4669 4675 4679 4708 4740 4764 4786 4829 
	}
	manpower=0
	buildings_max_level_factor=1.000
	local_supplies=0.000
}
