state={
	id=76
	name="STATE_76"
	history = {
		owner = USA
		add_core_of = USA
	}
	provinces={
		18 227 229 268 455 503 529 591 614 695 911 1072 1156 1223 1239 1252 1419 1445 1554 1651 1889 1916 1918 1972 2050 2052 2220 2234 2302 2312 2465 2481 2489 2512 2516 2623 2656 2718 3079 3122 3131 3303 3315 3334 3382 3391 3394 3432 3453 3489 3533 3565 3567 3586 3673 4245 4255 4260 4265 4273 4288 4292 4294 4303 4306 4312 4328 4339 4344 4346 4347 4369 4400 4415 4426 4468 4475 
	}
	manpower=0
	buildings_max_level_factor=1.000
	local_supplies=0.000
}
