state={
	id=77
	name="STATE_77"
	history = {
		owner = USA
		add_core_of = USA
	}
	provinces={
		43 49 79 89 192 292 314 546 642 679 762 793 798 924 966 1044 1113 1134 1151 1234 1290 1340 1437 1469 1498 1548 1899 2019 2061 2249 2285 2322 2410 2477 2485 2503 2632 2680 2768 2861 2903 2940 3009 3075 3098 3273 3286 3308 3347 3393 3502 3505 3511 3582 3629 3630 4059 4062 4065 4085 4097 4125 4134 4157 4169 4200 4204 4207 4209 4211 4213 4217 4218 4219 
	}
	manpower=0
	buildings_max_level_factor=1.000
	local_supplies=0.000
}
