state={
	id=78
	name="STATE_78"
	history = {
		owner = USA
		add_core_of = USA
	}
	provinces={
		263 409 429 899 1074 1144 1233 1327 1346 1361 1566 1689 1791 1905 1934 1995 2006 2012 2035 2045 2124 2159 2164 2208 2217 2218 2221 2238 2479 2488 2548 2574 2584 2665 2701 2708 2710 2725 2787 2794 2809 2885 2972 2992 3007 3058 3159 3226 3353 3367 3390 3395 3397 3398 3440 3446 3485 3518 3566 3575 3625 3675 4223 4226 4229 4231 4232 4233 4234 4235 4238 4239 4241 4246 4247 4249 4250 4252 4256 4258 4262 4269 4270 4272 4274 4275 4279 4280 4281 4282 4283 4285 4287 4289 4290 4295 4296 4298 4300 4301 4314 4317 4319 4329 4332 5159 5160 
	}
	manpower=0
	buildings_max_level_factor=1.000
	local_supplies=0.000
}
